#    x (m)        y (m)        V(x,y) (V)
    0.000000    0.000000    0.000000
    0.204082    0.000000    0.000000
    0.408163    0.000000    0.000000
    0.612245    0.000000    0.000000
    0.816327    0.000000    0.000000
    1.020408    0.000000    0.000000
    1.224490    0.000000    0.000000
    1.428571    0.000000    0.000000
    1.632653    0.000000    0.000000
    1.836735    0.000000    0.000000
    2.040816    0.000000    0.000000
    2.244898    0.000000    0.000000
    2.448980    0.000000    0.000000
    2.653061    0.000000    0.000000
    2.857143    0.000000    0.000000
    3.061224    0.000000    0.000000
    3.265306    0.000000    0.000000
    3.469388    0.000000    0.000000
    3.673469    0.000000    0.000000
    3.877551    0.000000    0.000000
    4.081633    0.000000    0.000000
    4.285714    0.000000    0.000000
    4.489796    0.000000    0.000000
    4.693878    0.000000    0.000000
    4.897959    0.000000    0.000000
    5.102041    0.000000    0.000000
    5.306122    0.000000    0.000000
    5.510204    0.000000    0.000000
    5.714286    0.000000    0.000000
    5.918367    0.000000    0.000000
    6.122449    0.000000    0.000000
    6.326531    0.000000    0.000000
    6.530612    0.000000    0.000000
    6.734694    0.000000    0.000000
    6.938776    0.000000    0.000000
    7.142857    0.000000    0.000000
    7.346939    0.000000    0.000000
    7.551020    0.000000    0.000000
    7.755102    0.000000    0.000000
    7.959184    0.000000    0.000000
    8.163265    0.000000    0.000000
    8.367347    0.000000    0.000000
    8.571429    0.000000    0.000000
    8.775510    0.000000    0.000000
    8.979592    0.000000    0.000000
    9.183673    0.000000    0.000000
    9.387755    0.000000    0.000000
    9.591837    0.000000    0.000000
    9.795918    0.000000    0.000000
   10.000000    0.000000    0.000000

    0.000000    0.204082    0.865933
    0.204082    0.204082    0.866582
    0.408163    0.204082    0.868529
    0.612245    0.204082    0.871770
    0.816327    0.204082    0.876298
    1.020408    0.204082    0.882105
    1.224490    0.204082    0.889179
    1.428571    0.204082    0.897507
    1.632653    0.204082    0.907072
    1.836735    0.204082    0.917857
    2.040816    0.204082    0.929842
    2.244898    0.204082    0.943006
    2.448980    0.204082    0.957324
    2.653061    0.204082    0.972773
    2.857143    0.204082    0.989325
    3.061224    0.204082    1.006954
    3.265306    0.204082    1.025631
    3.469388    0.204082    1.045327
    3.673469    0.204082    1.066013
    3.877551    0.204082    1.087656
    4.081633    0.204082    1.110228
    4.285714    0.204082    1.133696
    4.489796    0.204082    1.158030
    4.693878    0.204082    1.183199
    4.897959    0.204082    1.209172
    5.102041    0.204082    1.235917
    5.306122    0.204082    1.263405
    5.510204    0.204082    1.291607
    5.714286    0.204082    1.320492
    5.918367    0.204082    1.350032
    6.122449    0.204082    1.380198
    6.326531    0.204082    1.410964
    6.530612    0.204082    1.442303
    6.734694    0.204082    1.474189
    6.938776    0.204082    1.506596
    7.142857    0.204082    1.539501
    7.346939    0.204082    1.572880
    7.551020    0.204082    1.606710
    7.755102    0.204082    1.640969
    7.959184    0.204082    1.675634
    8.163265    0.204082    1.710682
    8.367347    0.204082    1.746084
    8.571429    0.204082    1.781803
    8.775510    0.204082    1.817775
    8.979592    0.204082    1.853877
    9.183673    0.204082    1.889865
    9.387755    0.204082    1.925221
    9.591837    0.204082    1.958862
    9.795918    0.204082    1.988537
   10.000000    0.204082    0.000000

    0.000000    0.408163    1.730566
    0.204082    0.408163    1.731867
    0.408163    0.408163    1.735765
    0.612245    0.408163    1.742253
    0.816327    0.408163    1.751318
    1.020408    0.408163    1.762943
    1.224490    0.408163    1.777104
    1.428571    0.408163    1.793775
    1.632653    0.408163    1.812923
    1.836735    0.408163    1.834514
    2.040816    0.408163    1.858506
    2.244898    0.408163    1.884856
    2.448980    0.408163    1.913518
    2.653061    0.408163    1.944442
    2.857143    0.408163    1.977574
    3.061224    0.408163    2.012860
    3.265306    0.408163    2.050244
    3.469388    0.408163    2.089666
    3.673469    0.408163    2.131066
    3.877551    0.408163    2.174385
    4.081633    0.408163    2.219559
    4.285714    0.408163    2.266527
    4.489796    0.408163    2.315226
    4.693878    0.408163    2.365594
    4.897959    0.408163    2.417570
    5.102041    0.408163    2.471091
    5.306122    0.408163    2.526098
    5.510204    0.408163    2.582530
    5.714286    0.408163    2.640329
    5.918367    0.408163    2.699437
    6.122449    0.408163    2.759797
    6.326531    0.408163    2.821356
    6.530612    0.408163    2.884060
    6.734694    0.408163    2.947856
    6.938776    0.408163    3.012695
    7.142857    0.408163    3.078529
    7.346939    0.408163    3.145309
    7.551020    0.408163    3.212991
    7.755102    0.408163    3.281531
    7.959184    0.408163    3.350884
    8.163265    0.408163    3.421007
    8.367347    0.408163    3.491848
    8.571429    0.408163    3.563345
    8.775510    0.408163    3.635399
    8.979592    0.408163    3.707829
    9.183673    0.408163    3.780274
    9.387755    0.408163    3.851975
    9.591837    0.408163    3.921325
    9.795918    0.408163    3.984938
   10.000000    0.408163    0.000000

    0.000000    0.612245    2.592599
    0.204082    0.612245    2.594552
    0.408163    0.612245    2.600409
    0.612245    0.612245    2.610157
    0.816327    0.612245    2.623777
    1.020408    0.612245    2.641242
    1.224490    0.612245    2.662519
    1.428571    0.612245    2.687565
    1.632653    0.612245    2.716333
    1.836735    0.612245    2.748768
    2.040816    0.612245    2.784811
    2.244898    0.612245    2.824395
    2.448980    0.612245    2.867450
    2.653061    0.612245    2.913901
    2.857143    0.612245    2.963668
    3.061224    0.612245    3.016669
    3.265306    0.612245    3.072817
    3.469388    0.612245    3.132025
    3.673469    0.612245    3.194203
    3.877551    0.612245    3.259257
    4.081633    0.612245    3.327096
    4.285714    0.612245    3.397626
    4.489796    0.612245    3.470752
    4.693878    0.612245    3.546382
    4.897959    0.612245    3.624423
    5.102041    0.612245    3.704781
    5.306122    0.612245    3.787366
    5.510204    0.612245    3.872087
    5.714286    0.612245    3.958857
    5.918367    0.612245    4.047589
    6.122449    0.612245    4.138199
    6.326531    0.612245    4.230604
    6.530612    0.612245    4.324724
    6.734694    0.612245    4.420481
    6.938776    0.612245    4.517801
    7.142857    0.612245    4.616609
    7.346939    0.612245    4.716837
    7.551020    0.612245    4.818415
    7.755102    0.612245    4.921279
    7.959184    0.612245    5.025365
    8.163265    0.612245    5.130610
    8.367347    0.612245    5.236952
    8.571429    0.612245    5.344319
    8.775510    0.612245    5.452619
    8.979592    0.612245    5.561706
    9.183673    0.612245    5.671299
    9.387755    0.612245    5.780810
    9.591837    0.612245    5.888963
    9.795918    0.612245    5.992982
   10.000000    0.612245    0.000000

    0.000000    0.816327    3.450723
    0.204082    0.816327    3.453333
    0.408163    0.816327    3.461160
    0.612245    0.816327    3.474188
    0.816327    0.816327    3.492390
    1.020408    0.816327    3.515730
    1.224490    0.816327    3.544163
    1.428571    0.816327    3.577632
    1.632653    0.816327    3.616073
    1.836735    0.816327    3.659414
    2.040816    0.816327    3.707573
    2.244898    0.816327    3.760462
    2.448980    0.816327    3.817986
    2.653061    0.816327    3.880043
    2.857143    0.816327    3.946528
    3.061224    0.816327    4.017329
    3.265306    0.816327    4.092331
    3.469388    0.816327    4.171416
    3.673469    0.816327    4.254461
    3.877551    0.816327    4.341345
    4.081633    0.816327    4.431942
    4.285714    0.816327    4.526128
    4.489796    0.816327    4.623776
    4.693878    0.816327    4.724761
    4.897959    0.816327    4.828958
    5.102041    0.816327    4.936244
    5.306122    0.816327    5.046496
    5.510204    0.816327    5.159596
    5.714286    0.816327    5.275423
    5.918367    0.816327    5.393864
    6.122449    0.816327    5.514805
    6.326531    0.816327    5.638136
    6.530612    0.816327    5.763751
    6.734694    0.816327    5.891544
    6.938776    0.816327    6.021417
    7.142857    0.816327    6.153272
    7.346939    0.816327    6.287014
    7.551020    0.816327    6.422554
    7.755102    0.816327    6.559806
    7.959184    0.816327    6.698686
    8.163265    0.816327    6.839117
    8.367347    0.816327    6.981026
    8.571429    0.816327    7.124350
    8.775510    0.816327    7.269034
    8.979592    0.816327    7.415032
    9.183673    0.816327    7.562302
    9.387755    0.816327    7.710774
    9.591837    0.816327    7.860246
    9.795918    0.816327    8.010114
   10.000000    0.816327    0.000000

    0.000000    1.020408    4.303623
    0.204082    1.020408    4.306897
    0.408163    1.020408    4.316710
    0.612245    1.020408    4.333043
    0.816327    1.020408    4.355863
    1.020408    1.020408    4.385124
    1.224490    1.020408    4.420768
    1.428571    1.020408    4.462725
    1.632653    1.020408    4.510914
    1.836735    1.020408    4.565241
    2.040816    1.020408    4.625604
    2.244898    1.020408    4.691893
    2.448980    1.020408    4.763987
    2.653061    1.020408    4.841758
    2.857143    1.020408    4.925072
    3.061224    1.020408    5.013788
    3.265306    1.020408    5.107762
    3.469388    1.020408    5.206844
    3.673469    1.020408    5.310882
    3.877551    1.020408    5.419719
    4.081633    1.020408    5.533201
    4.285714    1.020408    5.651167
    4.489796    1.020408    5.773462
    4.693878    1.020408    5.899927
    4.897959    1.020408    6.030404
    5.102041    1.020408    6.164740
    5.306122    1.020408    6.302781
    5.510204    1.020408    6.444376
    5.714286    1.020408    6.589377
    5.918367    1.020408    6.737640
    6.122449    1.020408    6.889022
    6.326531    1.020408    7.043386
    6.530612    1.020408    7.200599
    6.734694    1.020408    7.360529
    6.938776    1.020408    7.523052
    7.142857    1.020408    7.688046
    7.346939    1.020408    7.855394
    7.551020    1.020408    8.024982
    7.755102    1.020408    8.196704
    7.959184    1.020408    8.370457
    8.163265    1.020408    8.546146
    8.367347    1.020408    8.723689
    8.571429    1.020408    8.903025
    8.775510    1.020408    9.084135
    8.979592    1.020408    9.267081
    9.183673    1.020408    9.452086
    9.387755    1.020408    9.639680
    9.591837    1.020408    9.830976
    9.795918    1.020408   10.028143
   10.000000    1.020408    0.000000

    0.000000    1.224490    5.149975
    0.204082    1.224490    5.153918
    0.408163    1.224490    5.165737
    0.612245    1.224490    5.185409
    0.816327    1.224490    5.212893
    1.020408    1.224490    5.248133
    1.224490    1.224490    5.291059
    1.428571    1.224490    5.341586
    1.632653    1.224490    5.399613
    1.836735    1.224490    5.465029
    2.040816    1.224490    5.537709
    2.244898    1.224490    5.617518
    2.448980    1.224490    5.704309
    2.653061    1.224490    5.797928
    2.857143    1.224490    5.898211
    3.061224    1.224490    6.004989
    3.265306    1.224490    6.118084
    3.469388    1.224490    6.237317
    3.673469    1.224490    6.362501
    3.877551    1.224490    6.493450
    4.081633    1.224490    6.629973
    4.285714    1.224490    6.771880
    4.489796    1.224490    6.918979
    4.693878    1.224490    7.071080
    4.897959    1.224490    7.227993
    5.102041    1.224490    7.389532
    5.306122    1.224490    7.555512
    5.510204    1.224490    7.725751
    5.714286    1.224490    7.900070
    5.918367    1.224490    8.078296
    6.122449    1.224490    8.260257
    6.326531    1.224490    8.445788
    6.530612    1.224490    8.634729
    6.734694    1.224490    8.826922
    6.938776    1.224490    9.022217
    7.142857    1.224490    9.220468
    7.346939    1.224490    9.421534
    7.551020    1.224490    9.625279
    7.755102    1.224490    9.831573
    7.959184    1.224490   10.040293
    8.163265    1.224490   10.251324
    8.367347    1.224490   10.464564
    8.571429    1.224490   10.679938
    8.775510    1.224490   10.897425
    8.979592    1.224490   11.117120
    9.183673    1.224490   11.339371
    9.387755    1.224490   11.565052
    9.591837    1.224490   11.796131
    9.795918    1.224490   12.036773
   10.000000    1.224490    0.000000

    0.000000    1.428571    5.988440
    0.204082    1.428571    5.993060
    0.408163    1.428571    6.006909
    0.612245    1.428571    6.029960
    0.816327    1.428571    6.062163
    1.020408    1.428571    6.103454
    1.224490    1.428571    6.153748
    1.428571    1.428571    6.212943
    1.632653    1.428571    6.280922
    1.836735    1.428571    6.357551
    2.040816    1.428571    6.442684
    2.244898    1.428571    6.536159
    2.448980    1.428571    6.637803
    2.653061    1.428571    6.747433
    2.857143    1.428571    6.864856
    3.061224    1.428571    6.989871
    3.265306    1.428571    7.122269
    3.469388    1.428571    7.261837
    3.673469    1.428571    7.408357
    3.877551    1.428571    7.561606
    4.081633    1.428571    7.721362
    4.285714    1.428571    7.887399
    4.489796    1.428571    8.059493
    4.693878    1.428571    8.237420
    4.897959    1.428571    8.420957
    5.102041    1.428571    8.609884
    5.306122    1.428571    8.803985
    5.510204    1.428571    9.003046
    5.714286    1.428571    9.206858
    5.918367    1.428571    9.415217
    6.122449    1.428571    9.627923
    6.326531    1.428571    9.844783
    6.530612    1.428571   10.065607
    6.734694    1.428571   10.290215
    6.938776    1.428571   10.518428
    7.142857    1.428571   10.750076
    7.346939    1.428571   10.984995
    7.551020    1.428571   11.223027
    7.755102    1.428571   11.464017
    7.959184    1.428571   11.707821
    8.163265    1.428571   11.954297
    8.367347    1.428571   12.203314
    8.571429    1.428571   12.454756
    8.775510    1.428571   12.708544
    8.979592    1.428571   12.964685
    9.183673    1.428571   13.223393
    9.387755    1.428571   13.485367
    9.591837    1.428571   13.752397
    9.795918    1.428571   14.028647
   10.000000    1.428571    0.000000

    0.000000    1.632653    6.817662
    0.204082    1.632653    6.822968
    0.408163    1.632653    6.838877
    0.612245    1.632653    6.865354
    0.816327    1.632653    6.902344
    1.020408    1.632653    6.949769
    1.224490    1.632653    7.007532
    1.428571    1.632653    7.075514
    1.632653    1.632653    7.153578
    1.836735    1.632653    7.241569
    2.040816    1.632653    7.339314
    2.244898    1.632653    7.446628
    2.448980    1.632653    7.563309
    2.653061    1.632653    7.689144
    2.857143    1.632653    7.823908
    3.061224    1.632653    7.967368
    3.265306    1.632653    8.119283
    3.469388    1.632653    8.279405
    3.673469    1.632653    8.447482
    3.877551    1.632653    8.623256
    4.081633    1.632653    8.806469
    4.285714    1.632653    8.996862
    4.489796    1.632653    9.194176
    4.693878    1.632653    9.398151
    4.897959    1.632653    9.608531
    5.102041    1.632653    9.825064
    5.306122    1.632653   10.047498
    5.510204    1.632653   10.275591
    5.714286    1.632653   10.509100
    5.918367    1.632653   10.747791
    6.122449    1.632653   10.991436
    6.326531    1.632653   11.239813
    6.530612    1.632653   11.492704
    6.734694    1.632653   11.749902
    6.938776    1.632653   12.011204
    7.142857    1.632653   12.276414
    7.346939    1.632653   12.545346
    7.551020    1.632653   12.817816
    7.755102    1.632653   13.093650
    7.959184    1.632653   13.372677
    8.163265    1.632653   13.654731
    8.367347    1.632653   13.939643
    8.571429    1.632653   14.227241
    8.775510    1.632653   14.517341
    8.979592    1.632653   14.809755
    9.183673    1.632653   15.104314
    9.387755    1.632653   15.400988
    9.591837    1.632653   15.700210
    9.795918    1.632653   16.003701
   10.000000    1.632653    0.000000

    0.000000    1.836735    7.636266
    0.204082    1.836735    7.642271
    0.408163    1.836735    7.660273
    0.612245    1.836735    7.690232
    0.816327    1.836735    7.732086
    1.020408    1.836735    7.785744
    1.224490    1.836735    7.851094
    1.428571    1.836735    7.928000
    1.632653    1.836735    8.016304
    1.836735    1.836735    8.115828
    2.040816    1.836735    8.226374
    2.244898    1.836735    8.347728
    2.448980    1.836735    8.479659
    2.653061    1.836735    8.621923
    2.857143    1.836735    8.774262
    3.061224    1.836735    8.936410
    3.265306    1.836735    9.108090
    3.469388    1.836735    9.289019
    3.673469    1.836735    9.478908
    3.877551    1.836735    9.677466
    4.081633    1.836735    9.884397
    4.285714    1.836735   10.099406
    4.489796    1.836735   10.322197
    4.693878    1.836735   10.552476
    4.897959    1.836735   10.789954
    5.102041    1.836735   11.034341
    5.306122    1.836735   11.285355
    5.510204    1.836735   11.542719
    5.714286    1.836735   11.806160
    5.918367    1.836735   12.075413
    6.122449    1.836735   12.350220
    6.326531    1.836735   12.630328
    6.530612    1.836735   12.915496
    6.734694    1.836735   13.205487
    6.938776    1.836735   13.500072
    7.142857    1.836735   13.799033
    7.346939    1.836735   14.102158
    7.551020    1.836735   14.409243
    7.755102    1.836735   14.720090
    7.959184    1.836735   15.034508
    8.163265    1.836735   15.352306
    8.367347    1.836735   15.673285
    8.571429    1.836735   15.997221
    8.775510    1.836735   16.323828
    8.979592    1.836735   16.652696
    9.183673    1.836735   16.983183
    9.387755    1.836735   17.314248
    9.591837    1.836735   17.644234
    9.795918    1.836735   17.970665
   10.000000    1.836735    0.000000

    0.000000    2.040816    8.442857
    0.204082    2.040816    8.449573
    0.408163    2.040816    8.469706
    0.612245    2.040816    8.503212
    0.816327    2.040816    8.550018
    1.020408    2.040816    8.610023
    1.224490    2.040816    8.683096
    1.428571    2.040816    8.769085
    1.632653    2.040816    8.867808
    1.836735    2.040816    8.979062
    2.040816    2.040816    9.102624
    2.244898    2.040816    9.238249
    2.448980    2.040816    9.385675
    2.653061    2.040816    9.544625
    2.857143    2.040816    9.714807
    3.061224    2.040816    9.895918
    3.265306    2.040816   10.087646
    3.469388    2.040816   10.289671
    3.673469    2.040816   10.501666
    3.877551    2.040816   10.723302
    4.081633    2.040816   10.954247
    4.285714    2.040816   11.194167
    4.489796    2.040816   11.442729
    4.693878    2.040816   11.699605
    4.897959    2.040816   11.964467
    5.102041    2.040816   12.236992
    5.306122    2.040816   12.516864
    5.510204    2.040816   12.803771
    5.714286    2.040816   13.097410
    5.918367    2.040816   13.397483
    6.122449    2.040816   13.703702
    6.326531    2.040816   14.015787
    6.530612    2.040816   14.333466
    6.734694    2.040816   14.656477
    6.938776    2.040816   14.984566
    7.142857    2.040816   15.317490
    7.346939    2.040816   15.655012
    7.551020    2.040816   15.996907
    7.755102    2.040816   16.342959
    7.959184    2.040816   16.692957
    8.163265    2.040816   17.046695
    8.367347    2.040816   17.403961
    8.571429    2.040816   17.764510
    8.775510    2.040816   18.128016
    8.979592    2.040816   18.493954
    9.183673    2.040816   18.861372
    9.387755    2.040816   19.228446
    9.591837    2.040816   19.591665
    9.795918    2.040816    0.000000
   10.000000    2.040816    0.000000

    0.000000    2.244898    9.236011
    0.204082    2.244898    9.243453
    0.408163    2.244898    9.265762
    0.612245    2.244898    9.302888
    0.816327    2.244898    9.354748
    1.020408    2.244898    9.421227
    1.224490    2.244898    9.502180
    1.428571    2.244898    9.597431
    1.632653    2.244898    9.706776
    1.836735    2.244898    9.829986
    2.040816    2.244898    9.966808
    2.244898    2.244898   10.116966
    2.448980    2.244898   10.280165
    2.653061    2.244898   10.456093
    2.857143    2.244898   10.644420
    3.061224    2.244898   10.844808
    3.265306    2.244898   11.056905
    3.469388    2.244898   11.280352
    3.673469    2.244898   11.514783
    3.877551    2.244898   11.759831
    4.081633    2.244898   12.015122
    4.285714    2.244898   12.280285
    4.489796    2.244898   12.554950
    4.693878    2.244898   12.838749
    4.897959    2.244898   13.131318
    5.102041    2.244898   13.432298
    5.306122    2.244898   13.741339
    5.510204    2.244898   14.058093
    5.714286    2.244898   14.382226
    5.918367    2.244898   14.713408
    6.122449    2.244898   15.051320
    6.326531    2.244898   15.395653
    6.530612    2.244898   15.746106
    6.734694    2.244898   16.102391
    6.938776    2.244898   16.464228
    7.142857    2.244898   16.831349
    7.346939    2.244898   17.203494
    7.551020    2.244898   17.580417
    7.755102    2.244898   17.961883
    7.959184    2.244898   18.347665
    8.163265    2.244898   18.737553
    8.367347    2.244898   19.131340
    8.571429    2.244898   19.528813
    8.775510    2.244898   19.929707
    8.979592    2.244898   20.333597
    9.183673    2.244898   20.739639
    9.387755    2.244898   21.146005
    9.591837    2.244898   21.548710
    9.795918    2.244898    0.000000
   10.000000    2.244898    0.000000

    0.000000    2.448980   10.014276
    0.204082    2.448980   10.022460
    0.408163    2.448980   10.046995
    0.612245    2.448980   10.087824
    0.816327    2.448980   10.144854
    1.020408    2.448980   10.217954
    1.224490    2.448980   10.306961
    1.428571    2.448980   10.411678
    1.632653    2.448980   10.531875
    1.836735    2.448980   10.667295
    2.040816    2.448980   10.817653
    2.244898    2.448980   10.982640
    2.448980    2.448980   11.161925
    2.653061    2.448980   11.355158
    2.857143    2.448980   11.561972
    3.061224    2.448980   11.781988
    3.265306    2.448980   12.014813
    3.469388    2.448980   12.260047
    3.673469    2.448980   12.517285
    3.877551    2.448980   12.786115
    4.081633    2.448980   13.066124
    4.285714    2.448980   13.356902
    4.489796    2.448980   13.658037
    4.693878    2.448980   13.969123
    4.897959    2.448980   14.289758
    5.102041    2.448980   14.619546
    5.306122    2.448980   14.958100
    5.510204    2.448980   15.305039
    5.714286    2.448980   15.659994
    5.918367    2.448980   16.022604
    6.122449    2.448980   16.392519
    6.326531    2.448980   16.769399
    6.530612    2.448980   17.152917
    6.734694    2.448980   17.542755
    6.938776    2.448980   17.938609
    7.142857    2.448980   18.340184
    7.346939    2.448980   18.747200
    7.551020    2.448980   19.159387
    7.755102    2.448980   19.576490
    7.959184    2.448980   19.998270
    8.163265    2.448980   20.424511
    8.367347    2.448980   20.855027
    8.571429    2.448980   21.289672
    8.775510    2.448980   21.728341
    8.979592    2.448980   22.170940
    9.183673    2.448980   22.617252
    9.387755    2.448980   23.066532
    9.591837    2.448980   23.516504
    9.795918    2.448980    0.000000
   10.000000    2.448980    0.000000

    0.000000    2.653061   10.776165
    0.204082    2.653061   10.785111
    0.408163    2.653061   10.811928
    0.612245    2.653061   10.856554
    0.816327    2.653061   10.918882
    1.020408    2.653061   10.998768
    1.224490    2.653061   11.096028
    1.428571    2.653061   11.210439
    1.632653    2.653061   11.341747
    1.836735    2.653061   11.489661
    2.040816    2.653061   11.653865
    2.244898    2.653061   11.834012
    2.448980    2.653061   12.029733
    2.653061    2.653061   12.240639
    2.857143    2.653061   12.466321
    3.061224    2.653061   12.706356
    3.265306    2.653061   12.960310
    3.469388    2.653061   13.227739
    3.673469    2.653061   13.508193
    3.877551    2.653061   13.801219
    4.081633    2.653061   14.106360
    4.285714    2.653061   14.423162
    4.489796    2.653061   14.751175
    4.693878    2.653061   15.089949
    4.897959    2.653061   15.439046
    5.102041    2.653061   15.798030
    5.306122    2.653061   16.166477
    5.510204    2.653061   16.543971
    5.714286    2.653061   16.930109
    5.918367    2.653061   17.324497
    6.122449    2.653061   17.726754
    6.326531    2.653061   18.136510
    6.530612    2.653061   18.553408
    6.734694    2.653061   18.977105
    6.938776    2.653061   19.407269
    7.142857    2.653061   19.843582
    7.346939    2.653061   20.285738
    7.551020    2.653061   20.733444
    7.755102    2.653061   21.186424
    7.959184    2.653061   21.644420
    8.163265    2.653061   22.107202
    8.367347    2.653061   22.574593
    8.571429    2.653061   23.046510
    8.775510    2.653061   23.523029
    8.979592    2.653061   24.004500
    9.183673    2.653061   24.491675
    9.387755    2.653061   24.985793
    9.591837    2.653061   25.488390
    9.795918    2.653061    0.000000
   10.000000    2.653061    0.000000

    0.000000    2.857143   11.520154
    0.204082    2.857143   11.529883
    0.408163    2.857143   11.559047
    0.612245    2.857143   11.607574
    0.816327    2.857143   11.675347
    1.020408    2.857143   11.762203
    1.224490    2.857143   11.867936
    1.428571    2.857143   11.992299
    1.632653    2.857143   12.135006
    1.836735    2.857143   12.295734
    2.040816    2.857143   12.474129
    2.244898    2.857143   12.669806
    2.448980    2.857143   12.882355
    2.653061    2.857143   13.111342
    2.857143    2.857143   13.356314
    3.061224    2.857143   13.616804
    3.265306    2.857143   13.892331
    3.469388    2.857143   14.182406
    3.673469    2.857143   14.486531
    3.877551    2.857143   14.804207
    4.081633    2.857143   15.134934
    4.285714    2.857143   15.478214
    4.489796    2.857143   15.833551
    4.693878    2.857143   16.200456
    4.897959    2.857143   16.578447
    5.102041    2.857143   16.967052
    5.306122    2.857143   17.365807
    5.510204    2.857143   17.774262
    5.714286    2.857143   18.191977
    5.918367    2.857143   18.618524
    6.122449    2.857143   19.053492
    6.326531    2.857143   19.496480
    6.530612    2.857143   19.947103
    6.734694    2.857143   20.404990
    6.938776    2.857143   20.869783
    7.142857    2.857143   21.341139
    7.346939    2.857143   21.818727
    7.551020    2.857143   22.302231
    7.755102    2.857143   22.791348
    7.959184    2.857143   23.285790
    8.163265    2.857143   23.785297
    8.367347    2.857143   24.289661
    8.571429    2.857143   24.798789
    8.775510    2.857143   25.312832
    8.979592    2.857143   25.832441
    9.183673    2.857143   26.359225
    9.387755    2.857143   26.896508
    9.591837    2.857143    0.000000
    9.795918    2.857143    0.000000
   10.000000    2.857143    0.000000

    0.000000    3.061224   12.244677
    0.204082    3.061224   12.255213
    0.408163    3.061224   12.286794
    0.612245    3.061224   12.339340
    0.816327    3.061224   12.412720
    1.020408    3.061224   12.506753
    1.224490    3.061224   12.621208
    1.428571    3.061224   12.755810
    1.632653    3.061224   12.910239
    1.836735    3.061224   13.084136
    2.040816    3.061224   13.277107
    2.244898    3.061224   13.488725
    2.448980    3.061224   13.718535
    2.653061    3.061224   13.966056
    2.857143    3.061224   14.230788
    3.061224    3.061224   14.512214
    3.265306    3.061224   14.809805
    3.469388    3.061224   15.123021
    3.673469    3.061224   15.451316
    3.877551    3.061224   15.794144
    4.081633    3.061224   16.150957
    4.285714    3.061224   16.521209
    4.489796    3.061224   16.904360
    4.693878    3.061224   17.299877
    4.897959    3.061224   17.707237
    5.102041    3.061224   18.125925
    5.306122    3.061224   18.555441
    5.510204    3.061224   18.995295
    5.714286    3.061224   19.445013
    5.918367    3.061224   19.904134
    6.122449    3.061224   20.372212
    6.326531    3.061224   20.848818
    6.530612    3.061224   21.333537
    6.734694    3.061224   21.825971
    6.938776    3.061224   22.325736
    7.142857    3.061224   22.832465
    7.346939    3.061224   23.345802
    7.551020    3.061224   23.865408
    7.755102    3.061224   24.390950
    7.959184    3.061224   24.922103
    8.163265    3.061224   25.458552
    8.367347    3.061224   26.000002
    8.571429    3.061224   26.546231
    8.775510    3.061224   27.097222
    8.979592    3.061224   27.653485
    9.183673    3.061224   28.216739
    9.387755    3.061224   28.791260
    9.591837    3.061224    0.000000
    9.795918    3.061224    0.000000
   10.000000    3.061224    0.000000

    0.000000    3.265306   12.948121
    0.204082    3.265306   12.959490
    0.408163    3.265306   12.993567
    0.612245    3.265306   13.050264
    0.816327    3.265306   13.129434
    1.020408    3.265306   13.230874
    1.224490    3.265306   13.354327
    1.428571    3.265306   13.499487
    1.632653    3.265306   13.665996
    1.836735    3.265306   13.853458
    2.040816    3.265306   14.061433
    2.244898    3.265306   14.289449
    2.448980    3.265306   14.537000
    2.653061    3.265306   14.803556
    2.857143    3.265306   15.088565
    3.061224    3.265306   15.391458
    3.265306    3.265306   15.711652
    3.469388    3.265306   16.048555
    3.673469    3.265306   16.401570
    3.877551    3.265306   16.770098
    4.081633    3.265306   17.153541
    4.285714    3.265306   17.551305
    4.489796    3.265306   17.962804
    4.693878    3.265306   18.387458
    4.897959    3.265306   18.824699
    5.102041    3.265306   19.273974
    5.306122    3.265306   19.734738
    5.510204    3.265306   20.206467
    5.714286    3.265306   20.688649
    5.918367    3.265306   21.180788
    6.122449    3.265306   21.682407
    6.326531    3.265306   22.193045
    6.530612    3.265306   22.712259
    6.734694    3.265306   23.239623
    6.938776    3.265306   23.774729
    7.142857    3.265306   24.317184
    7.346939    3.265306   24.866612
    7.551020    3.265306   25.422650
    7.755102    3.265306   25.984941
    7.959184    3.265306   26.553124
    8.163265    3.265306   27.126816
    8.367347    3.265306   27.705595
    8.571429    3.265306   28.288989
    8.775510    3.265306   28.876522
    8.979592    3.265306   29.467932
    9.183673    3.265306   30.063778
    9.387755    3.265306   30.666908
    9.591837    3.265306    0.000000
    9.795918    3.265306    0.000000
   10.000000    3.265306    0.000000

    0.000000    3.469388   13.628816
    0.204082    3.469388   13.641048
    0.408163    3.469388   13.677711
    0.612245    3.469388   13.738705
    0.816327    3.469388   13.823868
    1.020408    3.469388   13.932972
    1.224490    3.469388   14.065732
    1.428571    3.469388   14.221805
    1.632653    3.469388   14.400796
    1.836735    3.469388   14.602261
    2.040816    3.469388   14.825715
    2.244898    3.469388   15.070632
    2.448980    3.469388   15.336456
    2.653061    3.469388   15.622600
    2.857143    3.469388   15.928457
    3.061224    3.469388   16.253400
    3.265306    3.469388   16.596789
    3.469388    3.469388   16.957977
    3.673469    3.469388   17.336311
    3.877551    3.469388   17.731137
    4.081633    3.469388   18.141805
    4.285714    3.469388   18.567670
    4.489796    3.469388   19.008094
    4.693878    3.469388   19.462453
    4.897959    3.469388   19.930132
    5.102041    3.469388   20.410534
    5.306122    3.469388   20.903075
    5.510204    3.469388   21.407189
    5.714286    3.469388   21.922329
    5.918367    3.469388   22.447965
    6.122449    3.469388   22.983586
    6.326531    3.469388   23.528700
    6.530612    3.469388   24.082834
    6.734694    3.469388   24.645537
    6.938776    3.469388   25.216374
    7.142857    3.469388   25.794931
    7.346939    3.469388   26.380813
    7.551020    3.469388   26.973638
    7.755102    3.469388   27.573037
    7.959184    3.469388   28.178627
    8.163265    3.469388   28.789984
    8.367347    3.469388   29.406570
    8.571429    3.469388   30.027631
    8.775510    3.469388   30.652060
    8.979592    3.469388   31.278282
    9.183673    3.469388   31.904362
    9.387755    3.469388    0.000000
    9.591837    3.469388    0.000000
    9.795918    3.469388    0.000000
   10.000000    3.469388    0.000000

    0.000000    3.673469   14.285036
    0.204082    3.673469   14.298164
    0.408163    3.673469   14.337512
    0.612245    3.673469   14.402968
    0.816327    3.673469   14.494350
    1.020408    3.673469   14.611406
    1.224490    3.673469   14.753816
    1.428571    3.673469   14.921198
    1.632653    3.673469   15.113113
    1.836735    3.673469   15.329069
    2.040816    3.673469   15.568527
    2.244898    3.673469   15.830905
    2.448980    3.673469   16.115588
    2.653061    3.673469   16.421929
    2.857143    3.673469   16.749260
    3.061224    3.673469   17.096893
    3.265306    3.673469   17.464127
    3.469388    3.673469   17.850253
    3.673469    3.673469   18.254560
    3.877551    3.673469   18.676336
    4.081633    3.673469   19.114874
    4.285714    3.673469   19.569476
    4.489796    3.673469   20.039453
    4.693878    3.673469   20.524129
    4.897959    3.673469   21.022845
    5.102041    3.673469   21.534957
    5.306122    3.673469   22.059840
    5.510204    3.673469   22.596889
    5.714286    3.673469   23.145517
    5.918367    3.673469   23.705160
    6.122449    3.673469   24.275274
    6.326531    3.673469   24.855336
    6.530612    3.673469   25.444845
    6.734694    3.673469   26.043320
    6.938776    3.673469   26.650303
    7.142857    3.673469   27.265358
    7.346939    3.673469   27.888071
    7.551020    3.673469   28.518053
    7.755102    3.673469   29.154934
    7.959184    3.673469   29.798347
    8.163265    3.673469   30.447887
    8.367347    3.673469   31.103010
    8.571429    3.673469   31.762825
    8.775510    3.673469   32.425728
    8.979592    3.673469   33.088801
    9.183673    3.673469   33.746991
    9.387755    3.673469    0.000000
    9.591837    3.673469    0.000000
    9.795918    3.673469    0.000000
   10.000000    3.673469    0.000000

    0.000000    3.877551   14.914987
    0.204082    3.877551   14.929048
    0.408163    3.877551   14.971192
    0.612245    3.877551   15.041293
    0.816327    3.877551   15.139149
    1.020408    3.877551   15.264475
    1.224490    3.877551   15.416917
    1.428571    3.877551   15.596049
    1.632653    3.877551   15.801382
    1.836735    3.877551   16.032369
    2.040816    3.877551   16.288412
    2.244898    3.877551   16.568868
    2.448980    3.877551   16.873056
    2.653061    3.877551   17.200266
    2.857143    3.877551   17.549760
    3.061224    3.877551   17.920784
    3.265306    3.877551   18.312571
    3.469388    3.877551   18.724349
    3.673469    3.877551   19.155340
    3.877551    3.877551   19.604773
    4.081633    3.877551   20.071881
    4.285714    3.877551   20.555909
    4.489796    3.877551   21.056114
    4.693878    3.877551   21.571769
    4.897959    3.877551   22.102165
    5.102041    3.877551   22.646613
    5.306122    3.877551   23.204444
    5.510204    3.877551   23.775012
    5.714286    3.877551   24.357694
    5.918367    3.877551   24.951888
    6.122449    3.877551   25.557018
    6.326531    3.877551   26.172530
    6.530612    3.877551   26.797892
    6.734694    3.877551   27.432598
    6.938776    3.877551   28.076164
    7.142857    3.877551   28.728129
    7.346939    3.877551   29.388064
    7.551020    3.877551   30.055570
    7.755102    3.877551   30.730293
    7.959184    3.877551   31.411919
    8.163265    3.877551   32.100156
    8.367347    3.877551   32.794644
    8.571429    3.877551   33.494719
    8.775510    3.877551   34.198873
    8.979592    3.877551   34.903694
    9.183673    3.877551   35.601952
    9.387755    3.877551    0.000000
    9.591837    3.877551    0.000000
    9.795918    3.877551    0.000000
   10.000000    3.877551    0.000000

    0.000000    4.081633   15.516801
    0.204082    4.081633   15.531837
    0.408163    4.081633   15.576901
    0.612245    4.081633   15.651852
    0.816327    4.081633   15.756463
    1.020408    4.081633   15.890418
    1.224490    4.081633   16.053318
    1.428571    4.081633   16.244690
    1.632653    4.081633   16.463989
    1.836735    4.081633   16.710606
    2.040816    4.081633   16.983878
    2.244898    4.081633   17.283093
    2.448980    4.081633   17.607500
    2.653061    4.081633   17.956315
    2.857143    4.081633   18.328727
    3.061224    4.081633   18.723910
    3.265306    4.081633   19.141026
    3.469388    4.081633   19.579230
    3.673469    4.081633   20.037680
    3.877551    4.081633   20.515537
    4.081633    4.081633   21.011971
    4.285714    4.081633   21.526169
    4.489796    4.081633   22.057329
    4.693878    4.081633   22.604671
    4.897959    4.081633   23.167437
    5.102041    4.081633   23.744889
    5.306122    4.081633   24.336315
    5.510204    4.081633   24.941026
    5.714286    4.081633   25.558362
    5.918367    4.081633   26.187685
    6.122449    4.081633   26.828384
    6.326531    4.081633   27.479876
    6.530612    4.081633   28.141600
    6.734694    4.081633   28.813022
    6.938776    4.081633   29.493629
    7.142857    4.081633   30.182937
    7.346939    4.081633   30.880491
    7.551020    4.081633   31.585879
    7.755102    4.081633   32.298755
    7.959184    4.081633   33.018874
    8.163265    4.081633   33.746131
    8.367347    4.081633   34.480567
    8.571429    4.081633   35.222238
    8.775510    4.081633   35.970748
    8.979592    4.081633   36.724039
    9.183673    4.081633    0.000000
    9.387755    4.081633    0.000000
    9.591837    4.081633    0.000000
    9.795918    4.081633    0.000000
   10.000000    4.081633    0.000000

    0.000000    4.285714   16.088526
    0.204082    4.285714   16.104584
    0.408163    4.285714   16.152706
    0.612245    4.285714   16.232737
    0.816327    4.285714   16.344420
    1.020408    4.285714   16.487401
    1.224490    4.285714   16.661236
    1.428571    4.285714   16.865394
    1.632653    4.285714   17.099267
    1.836735    4.285714   17.362179
    2.040816    4.285714   17.653394
    2.244898    4.285714   17.972122
    2.448980    4.285714   18.317533
    2.653061    4.285714   18.688762
    2.857143    4.285714   19.084921
    3.061224    4.285714   19.505103
    3.265306    4.285714   19.948392
    3.469388    4.285714   20.413868
    3.673469    4.285714   20.900615
    3.877551    4.285714   21.407724
    4.081633    4.285714   21.934302
    4.285714    4.285714   22.479468
    4.489796    4.285714   23.042364
    4.693878    4.285714   23.622154
    4.897959    4.285714   24.218026
    5.102041    4.285714   24.829195
    5.306122    4.285714   25.454904
    5.510204    4.285714   26.094421
    5.714286    4.285714   26.747047
    5.918367    4.285714   27.412108
    6.122449    4.285714   28.088963
    6.326531    4.285714   28.776994
    6.530612    4.285714   29.475615
    6.734694    4.285714   30.184263
    6.938776    4.285714   30.902399
    7.142857    4.285714   31.629506
    7.346939    4.285714   32.365096
    7.551020    4.285714   33.108717
    7.755102    4.285714   33.859997
    7.959184    4.285714   34.618716
    8.163265    4.285714   35.384938
    8.367347    4.285714   36.159198
    8.571429    4.285714   36.942678
    8.775510    4.285714   37.737193
    8.979592    4.285714   38.544502
    9.183673    4.285714    0.000000
    9.387755    4.285714    0.000000
    9.591837    4.285714    0.000000
    9.795918    4.285714    0.000000
   10.000000    4.285714    0.000000

    0.000000    4.489796   16.628117
    0.204082    4.489796   16.645249
    0.408163    4.489796   16.696586
    0.612245    4.489796   16.781954
    0.816327    4.489796   16.901063
    1.020408    4.489796   17.053517
    1.224490    4.489796   17.238817
    1.428571    4.489796   17.456370
    1.632653    4.489796   17.705496
    1.836735    4.489796   17.985442
    2.040816    4.489796   18.295389
    2.244898    4.489796   18.634462
    2.448980    4.489796   19.001742
    2.653061    4.489796   19.396278
    2.857143    4.489796   19.817091
    3.061224    4.489796   20.263189
    3.265306    4.489796   20.733571
    3.469388    4.489796   21.227236
    3.673469    4.489796   21.743189
    3.877551    4.489796   22.280448
    4.081633    4.489796   22.838047
    4.285714    4.489796   23.415041
    4.489796    4.489796   24.010510
    4.693878    4.489796   24.623559
    4.897959    4.489796   25.253323
    5.102041    4.489796   25.898968
    5.306122    4.489796   26.559688
    5.510204    4.489796   27.234712
    5.714286    4.489796   27.923300
    5.918367    4.489796   28.624744
    6.122449    4.489796   29.338368
    6.326531    4.489796   30.063528
    6.530612    4.489796   30.799608
    6.734694    4.489796   31.546020
    6.938776    4.489796   32.302200
    7.142857    4.489796   33.067599
    7.346939    4.489796   33.841680
    7.551020    4.489796   34.623920
    7.755102    4.489796   35.413847
    7.959184    4.489796   36.211133
    8.163265    4.489796   37.015821
    8.367347    4.489796   37.828729
    8.571429    4.489796   38.652115
    8.775510    4.489796   39.490538
    8.979592    4.489796    0.000000
    9.183673    4.489796    0.000000
    9.387755    4.489796    0.000000
    9.591837    4.489796    0.000000
    9.795918    4.489796    0.000000
   10.000000    4.489796    0.000000

    0.000000    4.693878   17.133425
    0.204082    4.693878   17.151689
    0.408163    4.693878   17.206417
    0.612245    4.693878   17.297410
    0.816327    4.693878   17.424344
    1.020408    4.693878   17.586772
    1.224490    4.693878   17.784132
    1.428571    4.693878   18.015760
    1.632653    4.693878   18.280895
    1.836735    4.693878   18.578696
    2.040816    4.693878   18.908251
    2.244898    4.693878   19.268588
    2.448980    4.693878   19.658693
    2.653061    4.693878   20.077514
    2.857143    4.693878   20.523976
    3.061224    4.693878   20.996991
    3.265306    4.693878   21.495468
    3.469388    4.693878   22.018317
    3.673469    4.693878   22.564459
    3.877551    4.693878   23.132834
    4.081633    4.693878   23.722400
    4.285714    4.693878   24.332144
    4.489796    4.693878   24.961080
    4.693878    4.693878   25.608254
    4.897959    4.693878   26.272746
    5.102041    4.693878   26.953669
    5.306122    4.693878   27.650174
    5.510204    4.693878   28.361445
    5.714286    4.693878   29.086703
    5.918367    4.693878   29.825205
    6.122449    4.693878   30.576244
    6.326531    4.693878   31.339145
    6.530612    4.693878   32.113271
    6.734694    4.693878   32.898012
    6.938776    4.693878   33.692784
    7.142857    4.693878   34.497013
    7.346939    4.693878   35.310111
    7.551020    4.693878   36.131458
    7.755102    4.693878   36.960391
    7.959184    4.693878   37.796272
    8.163265    4.693878   38.638716
    8.367347    4.693878   39.488166
    8.571429    4.693878   40.347046
    8.775510    4.693878   41.221775
    8.979592    4.693878    0.000000
    9.183673    4.693878    0.000000
    9.387755    4.693878    0.000000
    9.591837    4.693878    0.000000
    9.795918    4.693878    0.000000
   10.000000    4.693878    0.000000

    0.000000    4.897959   17.602181
    0.204082    4.897959   17.621645
    0.408163    4.897959   17.679961
    0.612245    4.897959   17.776906
    0.816327    4.897959   17.912112
    1.020408    4.897959   18.085076
    1.224490    4.897959   18.295164
    1.428571    4.897959   18.541628
    1.632653    4.897959   18.823616
    1.836735    4.897959   19.140186
    2.040816    4.897959   19.490321
    2.244898    4.897959   19.872942
    2.448980    4.897959   20.286924
    2.653061    4.897959   20.731105
    2.857143    4.897959   21.204306
    3.061224    4.897959   21.705333
    3.265306    4.897959   22.232995
    3.469388    4.897959   22.786107
    3.673469    4.897959   23.363502
    3.877551    4.897959   23.964033
    4.081633    4.897959   24.586581
    4.285714    4.897959   25.230061
    4.489796    4.897959   25.893418
    4.693878    4.897959   26.575637
    4.897959    4.897959   27.275742
    5.102041    4.897959   27.992795
    5.306122    4.897959   28.725899
    5.510204    4.897959   29.474196
    5.714286    4.897959   30.236868
    5.918367    4.897959   31.013136
    6.122449    4.897959   31.802262
    6.326531    4.897959   32.603544
    6.530612    4.897959   33.416323
    6.734694    4.897959   34.239975
    6.938776    4.897959   35.073911
    7.142857    4.897959   35.917550
    7.346939    4.897959   36.770285
    7.551020    4.897959   37.631408
    7.755102    4.897959   38.500022
    7.959184    4.897959   39.374970
    8.163265    4.897959   40.254912
    8.367347    4.897959   41.138808
    8.571429    4.897959   42.027272
    8.775510    4.897959    0.000000
    8.979592    4.897959    0.000000
    9.183673    4.897959    0.000000
    9.387755    4.897959    0.000000
    9.591837    4.897959    0.000000
    9.795918    4.897959    0.000000
   10.000000    4.897959    0.000000

    0.000000    5.102041   18.031985
    0.204082    5.102041   18.052723
    0.408163    5.102041   18.114852
    0.612245    5.102041   18.218117
    0.816327    5.102041   18.362103
    1.020408    5.102041   18.546236
    1.224490    5.102041   18.769802
    1.428571    5.102041   19.031957
    1.632653    5.102041   19.331743
    1.836735    5.102041   19.668102
    2.040816    5.102041   20.039898
    2.244898    5.102041   20.445930
    2.448980    5.102041   20.884950
    2.653061    5.102041   21.355676
    2.857143    5.102041   21.856809
    3.061224    5.102041   22.387042
    3.265306    5.102041   22.945074
    3.469388    5.102041   23.529619
    3.673469    5.102041   24.139412
    3.877551    5.102041   24.773219
    4.081633    5.102041   25.429838
    4.285714    5.102041   26.108105
    4.489796    5.102041   26.806899
    4.693878    5.102041   27.525142
    4.897959    5.102041   28.261797
    5.102041    5.102041   29.015878
    5.306122    5.102041   29.786438
    5.510204    5.102041   30.572578
    5.714286    5.102041   31.373442
    5.918367    5.102041   32.188216
    6.122449    5.102041   33.016129
    6.326531    5.102041   33.856453
    6.530612    5.102041   34.708506
    6.734694    5.102041   35.571658
    6.938776    5.102041   36.445330
    7.142857    5.102041   37.328976
    7.346939    5.102041   38.222039
    7.551020    5.102041   39.123821
    7.755102    5.102041   40.033279
    7.959184    5.102041   40.948702
    8.163265    5.102041   41.867388
    8.367347    5.102041   42.785578
    8.571429    5.102041   43.699288
    8.775510    5.102041    0.000000
    8.979592    5.102041    0.000000
    9.183673    5.102041    0.000000
    9.387755    5.102041    0.000000
    9.591837    5.102041    0.000000
    9.795918    5.102041    0.000000
   10.000000    5.102041    0.000000

    0.000000    5.306122   18.420285
    0.204082    5.306122   18.442383
    0.408163    5.306122   18.508579
    0.612245    5.306122   18.618583
    0.816327    5.306122   18.771921
    1.020408    5.306122   18.967941
    1.224490    5.306122   19.205833
    1.428571    5.306122   19.484640
    1.632653    5.306122   19.803282
    1.836735    5.306122   20.160570
    2.040816    5.306122   20.555231
    2.244898    5.306122   20.985926
    2.448980    5.306122   21.451268
    2.653061    5.306122   21.949840
    2.857143    5.306122   22.480212
    3.061224    5.306122   23.040953
    3.265306    5.306122   23.630644
    3.469388    5.306122   24.247887
    3.673469    5.306122   24.891316
    3.877551    5.306122   25.559600
    4.081633    5.306122   26.251452
    4.285714    5.306122   26.965630
    4.489796    5.306122   27.700940
    4.693878    5.306122   28.456240
    4.897959    5.306122   29.230436
    5.102041    5.306122   30.022487
    5.306122    5.306122   30.831404
    5.510204    5.306122   31.656244
    5.714286    5.306122   32.496114
    5.918367    5.306122   33.350165
    6.122449    5.306122   34.217594
    6.326531    5.306122   35.097641
    6.530612    5.306122   35.989599
    6.734694    5.306122   36.892828
    6.938776    5.306122   37.806772
    7.142857    5.306122   38.730968
    7.346939    5.306122   39.665016
    7.551020    5.306122   40.608449
    7.755102    5.306122   41.560398
    7.959184    5.306122   42.518972
    8.163265    5.306122   43.480267
    8.367347    5.306122   44.437170
    8.571429    5.306122    0.000000
    8.775510    5.306122    0.000000
    8.979592    5.306122    0.000000
    9.183673    5.306122    0.000000
    9.387755    5.306122    0.000000
    9.591837    5.306122    0.000000
    9.795918    5.306122    0.000000
   10.000000    5.306122    0.000000

    0.000000    5.510204   18.764357
    0.204082    5.510204   18.787912
    0.408163    5.510204   18.858466
    0.612245    5.510204   18.975686
    0.816327    5.510204   19.139029
    1.020408    5.510204   19.347751
    1.224490    5.510204   19.600927
    1.428571    5.510204   19.897472
    1.632653    5.510204   20.236160
    1.836735    5.510204   20.615653
    2.040816    5.510204   21.034522
    2.244898    5.510204   21.491269
    2.448980    5.510204   21.984352
    2.653061    5.510204   22.512204
    2.857143    5.510204   23.073249
    3.061224    5.510204   23.665919
    3.265306    5.510204   24.288667
    3.469388    5.510204   24.939976
    3.673469    5.510204   25.618370
    3.877551    5.510204   26.322421
    4.081633    5.510204   27.050749
    4.285714    5.510204   27.802031
    4.489796    5.510204   28.575001
    4.693878    5.510204   29.368450
    4.897959    5.510204   30.181227
    5.102041    5.510204   31.012240
    5.306122    5.510204   31.860454
    5.510204    5.510204   32.724887
    5.714286    5.510204   33.604611
    5.918367    5.510204   34.498744
    6.122449    5.510204   35.406448
    6.326531    5.510204   36.326928
    6.530612    5.510204   37.259436
    6.734694    5.510204   38.203301
    6.938776    5.510204   39.157976
    7.142857    5.510204   40.123100
    7.346939    5.510204   41.098553
    7.551020    5.510204   42.084400
    7.755102    5.510204   43.080568
    7.959184    5.510204   44.085978
    8.163265    5.510204   45.096819
    8.367347    5.510204    0.000000
    8.571429    5.510204    0.000000
    8.775510    5.510204    0.000000
    8.979592    5.510204    0.000000
    9.183673    5.510204    0.000000
    9.387755    5.510204    0.000000
    9.591837    5.510204    0.000000
    9.795918    5.510204    0.000000
   10.000000    5.510204    0.000000

    0.000000    5.714286   19.061281
    0.204082    5.714286   19.086406
    0.408163    5.714286   19.161651
    0.612245    5.714286   19.286634
    0.816327    5.714286   19.460728
    1.020408    5.714286   19.683080
    1.224490    5.714286   19.952630
    1.428571    5.714286   20.268140
    1.632653    5.714286   20.628218
    1.836735    5.714286   21.031350
    2.040816    5.714286   21.475926
    2.244898    5.714286   21.960272
    2.448980    5.714286   22.482667
    2.653061    5.714286   23.041377
    2.857143    5.714286   23.634665
    3.061224    5.714286   24.260813
    3.265306    5.714286   24.918135
    3.469388    5.714286   25.604987
    3.673469    5.714286   26.319778
    3.877551    5.714286   27.060973
    4.081633    5.714286   27.827101
    4.285714    5.714286   28.616754
    4.489796    5.714286   29.428593
    4.693878    5.714286   30.261341
    4.897959    5.714286   31.113792
    5.102041    5.714286   31.984802
    5.306122    5.714286   32.873293
    5.510204    5.714286   33.778248
    5.714286    5.714286   34.698706
    5.918367    5.714286   35.633759
    6.122449    5.714286   36.582536
    6.326531    5.714286   37.544198
    6.530612    5.714286   38.517935
    6.734694    5.714286   39.502997
    6.938776    5.714286   40.498772
    7.142857    5.714286   41.504940
    7.346939    5.714286   42.521685
    7.551020    5.714286   43.549889
    7.755102    5.714286   44.591073
    7.959184    5.714286   45.646653
    8.163265    5.714286   46.715768
    8.367347    5.714286    0.000000
    8.571429    5.714286    0.000000
    8.775510    5.714286    0.000000
    8.979592    5.714286    0.000000
    9.183673    5.714286    0.000000
    9.387755    5.714286    0.000000
    9.591837    5.714286    0.000000
    9.795918    5.714286    0.000000
   10.000000    5.714286    0.000000

    0.000000    5.918367   19.307913
    0.204082    5.918367   19.334736
    0.408163    5.918367   19.415058
    0.612245    5.918367   19.548432
    0.816327    5.918367   19.734135
    1.020408    5.918367   19.971180
    1.224490    5.918367   20.258348
    1.428571    5.918367   20.594220
    1.632653    5.918367   20.977207
    1.836735    5.918367   21.405591
    2.040816    5.918367   21.877556
    2.244898    5.918367   22.391220
    2.448980    5.918367   22.944669
    2.653061    5.918367   23.535975
    2.857143    5.918367   24.163226
    3.061224    5.918367   24.824540
    3.265306    5.918367   25.518080
    3.469388    5.918367   26.242069
    3.673469    5.918367   26.994791
    3.877551    5.918367   27.774603
    4.081633    5.918367   28.579938
    4.285714    5.918367   29.409304
    4.489796    5.918367   30.261285
    4.693878    5.918367   31.134541
    4.897959    5.918367   32.027808
    5.102041    5.918367   32.939894
    5.306122    5.918367   33.869678
    5.510204    5.918367   34.816113
    5.714286    5.918367   35.778213
    5.918367    5.918367   36.755054
    6.122449    5.918367   37.745743
    6.326531    5.918367   38.749401
    6.530612    5.918367   39.765130
    6.734694    5.918367   40.792026
    6.938776    5.918367   41.829260
    7.142857    5.918367   42.876326
    7.346939    5.918367   43.933484
    7.551020    5.918367   45.002416
    7.755102    5.918367   46.086871
    7.959184    5.918367   47.192753
    8.163265    5.918367    0.000000
    8.367347    5.918367    0.000000
    8.571429    5.918367    0.000000
    8.775510    5.918367    0.000000
    8.979592    5.918367    0.000000
    9.183673    5.918367    0.000000
    9.387755    5.918367    0.000000
    9.591837    5.918367    0.000000
    9.795918    5.918367    0.000000
   10.000000    5.918367    0.000000

    0.000000    6.122449   19.500847
    0.204082    6.122449   19.529520
    0.408163    6.122449   19.615364
    0.612245    6.122449   19.757859
    0.816327    6.122449   19.956160
    1.020408    6.122449   20.209123
    1.224490    6.122449   20.515335
    1.428571    6.122449   20.873161
    1.632653    6.122449   21.280783
    1.836735    6.122449   21.736241
    2.040816    6.122449   22.237480
    2.244898    6.122449   22.782384
    2.448980    6.122449   23.368814
    2.653061    6.122449   23.994632
    2.857143    6.122449   24.657731
    3.061224    6.122449   25.356049
    3.265306    6.122449   26.087590
    3.469388    6.122449   26.850429
    3.673469    6.122449   27.642726
    3.877551    6.122449   28.462724
    4.081633    6.122449   29.308758
    4.285714    6.122449   30.179251
    4.489796    6.122449   31.072714
    4.693878    6.122449   31.987743
    4.897959    6.122449   32.923018
    5.102041    6.122449   33.877298
    5.306122    6.122449   34.849425
    5.510204    6.122449   35.838321
    5.714286    6.122449   36.842988
    5.918367    6.122449   37.862501
    6.122449    6.122449   38.895979
    6.326531    6.122449   39.942529
    6.530612    6.122449   41.001169
    6.734694    6.122449   42.070762
    6.938776    6.122449   43.150039
    7.142857    6.122449   44.237854
    7.346939    6.122449   45.333867
    7.551020    6.122449   46.439821
    7.755102    6.122449   47.561426
    7.959184    6.122449    0.000000
    8.163265    6.122449    0.000000
    8.367347    6.122449    0.000000
    8.571429    6.122449    0.000000
    8.775510    6.122449    0.000000
    8.979592    6.122449    0.000000
    9.183673    6.122449    0.000000
    9.387755    6.122449    0.000000
    9.591837    6.122449    0.000000
    9.795918    6.122449    0.000000
   10.000000    6.122449    0.000000

    0.000000    6.326531   19.636378
    0.204082    6.326531   19.667076
    0.408163    6.326531   19.758963
    0.612245    6.326531   19.911429
    0.816327    6.326531   20.123481
    1.020408    6.326531   20.393778
    1.224490    6.326531   20.720678
    1.428571    6.326531   21.102285
    1.632653    6.326531   21.536505
    1.836735    6.326531   22.021099
    2.040816    6.326531   22.553734
    2.244898    6.326531   23.132024
    2.448980    6.326531   23.753576
    2.653061    6.326531   24.416018
    2.857143    6.326531   25.117027
    3.061224    6.326531   25.854349
    3.265306    6.326531   26.625814
    3.469388    6.326531   27.429347
    3.673469    6.326531   28.262974
    3.877551    6.326531   29.124824
    4.081633    6.326531   30.013134
    4.285714    6.326531   30.926242
    4.489796    6.326531   31.862590
    4.693878    6.326531   32.820712
    4.897959    6.326531   33.799235
    5.102041    6.326531   34.796870
    5.306122    6.326531   35.812417
    5.510204    6.326531   36.844769
    5.714286    6.326531   37.892924
    5.918367    6.326531   38.955983
    6.122449    6.326531   40.033128
    6.326531    6.326531   41.123538
    6.530612    6.326531   42.226225
    6.734694    6.326531   43.339823
    6.938776    6.326531   44.462396
    7.142857    6.326531   45.591513
    7.346939    6.326531   46.724960
    7.551020    6.326531   47.862601
    7.755102    6.326531    0.000000
    7.959184    6.326531    0.000000
    8.163265    6.326531    0.000000
    8.367347    6.326531    0.000000
    8.571429    6.326531    0.000000
    8.775510    6.326531    0.000000
    8.979592    6.326531    0.000000
    9.183673    6.326531    0.000000
    9.387755    6.326531    0.000000
    9.591837    6.326531    0.000000
    9.795918    6.326531    0.000000
   10.000000    6.326531    0.000000

    0.000000    6.530612   19.710444
    0.204082    6.530612   19.743374
    0.408163    6.530612   19.841919
    0.612245    6.530612   20.005355
    0.816327    6.530612   20.232505
    1.020408    6.530612   20.521790
    1.224490    6.530612   20.871281
    1.428571    6.530612   21.278772
    1.632653    6.530612   21.741838
    1.836735    6.530612   22.257910
    2.040816    6.530612   22.824330
    2.244898    6.530612   23.438406
    2.448980    6.530612   24.097457
    2.653061    6.530612   24.798849
    2.857143    6.530612   25.540024
    3.061224    6.530612   26.318521
    3.265306    6.530612   27.131987
    3.469388    6.530612   27.978189
    3.673469    6.530612   28.855016
    3.877551    6.530612   29.760483
    4.081633    6.530612   30.692728
    4.285714    6.530612   31.650011
    4.489796    6.530612   32.630706
    4.693878    6.530612   33.633295
    4.897959    6.530612   34.656354
    5.102041    6.530612   35.698546
    5.306122    6.530612   36.758622
    5.510204    6.530612   37.835434
    5.714286    6.530612   38.927969
    5.918367    6.530612   40.035380
    6.122449    6.530612   41.156989
    6.326531    6.530612   42.292205
    6.530612    6.530612   43.440271
    6.734694    6.530612   44.599810
    6.938776    6.530612   45.768212
    7.142857    6.530612   46.941142
    7.346939    6.530612   48.112738
    7.551020    6.530612   49.277516
    7.755102    6.530612    0.000000
    7.959184    6.530612    0.000000
    8.163265    6.530612    0.000000
    8.367347    6.530612    0.000000
    8.571429    6.530612    0.000000
    8.775510    6.530612    0.000000
    8.979592    6.530612    0.000000
    9.183673    6.530612    0.000000
    9.387755    6.530612    0.000000
    9.591837    6.530612    0.000000
    9.795918    6.530612    0.000000
   10.000000    6.530612    0.000000

    0.000000    6.734694   19.718567
    0.204082    6.734694   19.753976
    0.408163    6.734694   19.859910
    0.612245    6.734694   20.035498
    0.816327    6.734694   20.279337
    1.020408    6.734694   20.589547
    1.224490    6.734694   20.963850
    1.428571    6.734694   21.399657
    1.632653    6.734694   21.894151
    1.836735    6.734694   22.444367
    2.040816    6.734694   23.047273
    2.244898    6.734694   23.699821
    2.448980    6.734694   24.399008
    2.653061    6.734694   25.141912
    2.857143    6.734694   25.925719
    3.061224    6.734694   26.747744
    3.265306    6.734694   27.605445
    3.469388    6.734694   28.496426
    3.673469    6.734694   29.418439
    3.877551    6.734694   30.369383
    4.081633    6.734694   31.347303
    4.285714    6.734694   32.350384
    4.489796    6.734694   33.376945
    4.693878    6.734694   34.425422
    4.897959    6.734694   35.494353
    5.102041    6.734694   36.582354
    5.306122    6.734694   37.688111
    5.510204    6.734694   38.810406
    5.714286    6.734694   39.948171
    5.918367    6.734694   41.100596
    6.122449    6.734694   42.267221
    6.326531    6.734694   43.447924
    6.530612    6.734694   44.642639
    6.734694    6.734694   45.850627
    6.938776    6.734694   47.069202
    7.142857    6.734694   48.292083
    7.346939    6.734694   49.508094
    7.551020    6.734694    0.000000
    7.755102    6.734694    0.000000
    7.959184    6.734694    0.000000
    8.163265    6.734694    0.000000
    8.367347    6.734694    0.000000
    8.571429    6.734694    0.000000
    8.775510    6.734694    0.000000
    8.979592    6.734694    0.000000
    9.183673    6.734694    0.000000
    9.387755    6.734694    0.000000
    9.591837    6.734694    0.000000
    9.795918    6.734694    0.000000
   10.000000    6.734694    0.000000

    0.000000    6.938776   19.655772
    0.204082    6.938776   19.693957
    0.408163    6.938776   19.808156
    0.612245    6.938776   19.997312
    0.816327    6.938776   20.259732
    1.020408    6.938776   20.593158
    1.224490    6.938776   20.994877
    1.428571    6.938776   21.461832
    1.632653    6.938776   21.990728
    1.836735    6.938776   22.578135
    2.040816    6.938776   23.220579
    2.244898    6.938776   23.914610
    2.448980    6.938776   24.656863
    2.653061    6.938776   25.444094
    2.857143    6.938776   26.273218
    3.061224    6.938776   27.141315
    3.265306    6.938776   28.045648
    3.469388    6.938776   28.983657
    3.673469    6.938776   29.952955
    3.877551    6.938776   30.951332
    4.081633    6.938776   31.976739
    4.285714    6.938776   33.027298
    4.489796    6.938776   34.101283
    4.693878    6.938776   35.197109
    4.897959    6.938776   36.313294
    5.102041    6.938776   37.448418
    5.306122    6.938776   38.601089
    5.510204    6.938776   39.769949
    5.714286    6.938776   40.953774
    5.918367    6.938776   42.151676
    6.122449    6.938776   43.363398
    6.326531    6.938776   44.589535
    6.530612    6.938776   45.831422
    6.734694    6.938776   47.090254
    6.938776    6.938776   48.365021
    7.142857    6.938776   49.649055
    7.346939    6.938776    0.000000
    7.551020    6.938776    0.000000
    7.755102    6.938776    0.000000
    7.959184    6.938776    0.000000
    8.163265    6.938776    0.000000
    8.367347    6.938776    0.000000
    8.571429    6.938776    0.000000
    8.775510    6.938776    0.000000
    8.979592    6.938776    0.000000
    9.183673    6.938776    0.000000
    9.387755    6.938776    0.000000
    9.591837    6.938776    0.000000
    9.795918    6.938776    0.000000
   10.000000    6.938776    0.000000

    0.000000    7.142857   19.516487
    0.204082    7.142857   19.557809
    0.408163    7.142857   19.681335
    0.612245    7.142857   19.885770
    0.816327    7.142857   20.169043
    1.020408    7.142857   20.528417
    1.224490    7.142857   20.960631
    1.428571    7.142857   21.462045
    1.632653    7.142857   22.028787
    1.836735    7.142857   22.656872
    2.040816    7.142857   23.342313
    2.244898    7.142857   24.081200
    2.448980    7.142857   24.869763
    2.653061    7.142857   25.704414
    2.857143    7.142857   26.581773
    3.061224    7.142857   27.498682
    3.265306    7.142857   28.452206
    3.469388    7.142857   29.439625
    3.673469    7.142857   30.458422
    3.877551    7.142857   31.506275
    4.081633    7.142857   32.581051
    4.285714    7.142857   33.680809
    4.489796    7.142857   34.803800
    4.693878    7.142857   35.948447
    4.897959    7.142857   37.113299
    5.102041    7.142857   38.296940
    5.306122    7.142857   39.497896
    5.510204    7.142857   40.714583
    5.714286    7.142857   41.945403
    5.918367    7.142857   43.189088
    6.122449    7.142857   44.445303
    6.326531    7.142857   45.715407
    6.530612    7.142857   47.002932
    6.734694    7.142857   48.313035
    6.938776    7.142857   49.649897
    7.142857    7.142857    0.000000
    7.346939    7.142857    0.000000
    7.551020    7.142857    0.000000
    7.755102    7.142857    0.000000
    7.959184    7.142857    0.000000
    8.163265    7.142857    0.000000
    8.367347    7.142857    0.000000
    8.571429    7.142857    0.000000
    8.775510    7.142857    0.000000
    8.979592    7.142857    0.000000
    9.183673    7.142857    0.000000
    9.387755    7.142857    0.000000
    9.591837    7.142857    0.000000
    9.795918    7.142857    0.000000
   10.000000    7.142857    0.000000

    0.000000    7.346939   19.294409
    0.204082    7.346939   19.339313
    0.408163    7.346939   19.473473
    0.612245    7.346939   19.695280
    0.816327    7.346939   20.002166
    1.020408    7.346939   20.390774
    1.224490    7.346939   20.857144
    1.428571    7.346939   21.396913
    1.632653    7.346939   22.005501
    1.836735    7.346939   22.678265
    2.040816    7.346939   23.410623
    2.244898    7.346939   24.198144
    2.448980    7.346939   25.036611
    2.653061    7.346939   25.922063
    2.857143    7.346939   26.850814
    3.061224    7.346939   27.819468
    3.265306    7.346939   28.824902
    3.469388    7.346939   29.864247
    3.673469    7.346939   30.934865
    3.877551    7.346939   32.034329
    4.081633    7.346939   33.160413
    4.285714    7.346939   34.311117
    4.489796    7.346939   35.484680
    4.693878    7.346939   36.679587
    4.897959    7.346939   37.894503
    5.102041    7.346939   39.128125
    5.306122    7.346939   40.378963
    5.510204    7.346939   41.645127
    5.714286    7.346939   42.924321
    5.918367    7.346939   44.214256
    6.122449    7.346939   45.513707
    6.326531    7.346939   46.824187
    6.530612    7.346939   48.151789
    6.734694    7.346939   49.508052
    6.938776    7.346939    0.000000
    7.142857    7.346939    0.000000
    7.346939    7.346939    0.000000
    7.551020    7.346939    0.000000
    7.755102    7.346939    0.000000
    7.959184    7.346939    0.000000
    8.163265    7.346939    0.000000
    8.367347    7.346939    0.000000
    8.571429    7.346939    0.000000
    8.775510    7.346939    0.000000
    8.979592    7.346939    0.000000
    9.183673    7.346939    0.000000
    9.387755    7.346939    0.000000
    9.591837    7.346939    0.000000
    9.795918    7.346939    0.000000
   10.000000    7.346939    0.000000

    0.000000    7.551020   18.982339
    0.204082    7.551020   19.031380
    0.408163    7.551020   19.177806
    0.612245    7.551020   19.419576
    0.816327    7.551020   19.753467
    1.020408    7.551020   20.175303
    1.224490    7.551020   20.680222
    1.428571    7.551020   21.262953
    1.632653    7.551020   21.918051
    1.836735    7.551020   22.640091
    2.040816    7.551020   23.423808
    2.244898    7.551020   24.264186
    2.448980    7.551020   25.156522
    2.653061    7.551020   26.096459
    2.857143    7.551020   27.080001
    3.061224    7.551020   28.103518
    3.265306    7.551020   29.163724
    3.469388    7.551020   30.257630
    3.673469    7.551020   31.382498
    3.877551    7.551020   32.535797
    4.081633    7.551020   33.715197
    4.285714    7.551020   34.918607
    4.489796    7.551020   36.144251
    4.693878    7.551020   37.390727
    4.897959    7.551020   38.656969
    5.102041    7.551020   39.942025
    5.306122    7.551020   41.244622
    5.510204    7.551020   42.562625
    5.714286    7.551020   43.892655
    5.918367    7.551020   45.230358
    6.122449    7.551020   46.571870
    6.326531    7.551020   47.916829
    6.530612    7.551020   49.272702
    6.734694    7.551020    0.000000
    6.938776    7.551020    0.000000
    7.142857    7.551020    0.000000
    7.346939    7.551020    0.000000
    7.551020    7.551020    0.000000
    7.755102    7.551020    0.000000
    7.959184    7.551020    0.000000
    8.163265    7.551020    0.000000
    8.367347    7.551020    0.000000
    8.571429    7.551020    0.000000
    8.775510    7.551020    0.000000
    8.979592    7.551020    0.000000
    9.183673    7.551020    0.000000
    9.387755    7.551020    0.000000
    9.591837    7.551020    0.000000
    9.795918    7.551020    0.000000
   10.000000    7.551020    0.000000

    0.000000    7.755102   18.571951
    0.204082    7.755102   18.625837
    0.408163    7.755102   18.786593
    0.612245    7.755102   19.051591
    0.816327    7.755102   19.416710
    1.020408    7.755102   19.876679
    1.224490    7.755102   20.425462
    1.428571    7.755102   21.056631
    1.632653    7.755102   21.763686
    1.836735    7.755102   22.540284
    2.040816    7.755102   23.380382
    2.244898    7.755102   24.278328
    2.448980    7.755102   25.228895
    2.653061    7.755102   26.227310
    2.857143    7.755102   27.269269
    3.061224    7.755102   28.350931
    3.265306    7.755102   29.468887
    3.469388    7.755102   30.620084
    3.673469    7.755102   31.801730
    3.877551    7.755102   33.011204
    4.081633    7.755102   34.246024
    4.285714    7.755102   35.503928
    4.489796    7.755102   36.783050
    4.693878    7.755102   38.082126
    4.897959    7.755102   39.400572
    5.102041    7.755102   40.738233
    5.306122    7.755102   42.094653
    5.510204    7.755102   43.467901
    5.714286    7.755102   44.853349
    5.918367    7.755102   46.243193
    6.122449    7.755102   47.627883
    6.326531    7.755102    0.000000
    6.530612    7.755102    0.000000
    6.734694    7.755102    0.000000
    6.938776    7.755102    0.000000
    7.142857    7.755102    0.000000
    7.346939    7.755102    0.000000
    7.551020    7.755102    0.000000
    7.755102    7.755102    0.000000
    7.959184    7.755102    0.000000
    8.163265    7.755102    0.000000
    8.367347    7.755102    0.000000
    8.571429    7.755102    0.000000
    8.775510    7.755102    0.000000
    8.979592    7.755102    0.000000
    9.183673    7.755102    0.000000
    9.387755    7.755102    0.000000
    9.591837    7.755102    0.000000
    9.795918    7.755102    0.000000
   10.000000    7.755102    0.000000

    0.000000    7.959184   18.053483
    0.204082    7.959184   18.113133
    0.408163    7.959184   18.290888
    0.612245    7.959184   18.583291
    0.816327    7.959184   18.984977
    1.020408    7.959184   19.489179
    1.224490    7.959184   20.088304
    1.428571    7.959184   20.774451
    1.632653    7.959184   21.539832
    1.836735    7.959184   22.377040
    2.040816    7.959184   23.279182
    2.244898    7.959184   24.239924
    2.448980    7.959184   25.253496
    2.653061    7.959184   26.314696
    2.857143    7.959184   27.418907
    3.061224    7.959184   28.562111
    3.265306    7.959184   29.740851
    3.469388    7.959184   30.952115
    3.673469    7.959184   32.193156
    3.877551    7.959184   33.461297
    4.081633    7.959184   34.753832
    4.285714    7.959184   36.068136
    4.489796    7.959184   37.402018
    4.693878    7.959184   38.754240
    4.897959    7.959184   40.124924
    5.102041    7.959184   41.515443
    5.306122    7.959184   42.927385
    5.510204    7.959184   44.360393
    5.714286    7.959184   45.809270
    5.918367    7.959184   47.261537
    6.122449    7.959184    0.000000
    6.326531    7.959184    0.000000
    6.530612    7.959184    0.000000
    6.734694    7.959184    0.000000
    6.938776    7.959184    0.000000
    7.142857    7.959184    0.000000
    7.346939    7.959184    0.000000
    7.551020    7.959184    0.000000
    7.755102    7.959184    0.000000
    7.959184    7.959184    0.000000
    8.163265    7.959184    0.000000
    8.367347    7.959184    0.000000
    8.571429    7.959184    0.000000
    8.775510    7.959184    0.000000
    8.979592    7.959184    0.000000
    9.183673    7.959184    0.000000
    9.387755    7.959184    0.000000
    9.591837    7.959184    0.000000
    9.795918    7.959184    0.000000
   10.000000    7.959184    0.000000

    0.000000    8.163265   17.415310
    0.204082    8.163265   17.481940
    0.408163    8.163265   17.680213
    0.612245    8.163265   18.005475
    0.816327    8.163265   18.450588
    1.020408    8.163265   19.006711
    1.224490    8.163265   19.664147
    1.428571    8.163265   20.413105
    1.632653    8.163265   21.244241
    1.836735    8.163265   22.148956
    2.040816    8.163265   23.119474
    2.244898    8.163265   24.148785
    2.448980    8.163265   25.230569
    2.653061    8.163265   26.359171
    2.857143    8.163265   27.529647
    3.061224    8.163265   28.737833
    3.265306    8.163265   29.980335
    3.469388    8.163265   31.254379
    3.673469    8.163265   32.557473
    3.877551    8.163265   33.887001
    4.081633    8.163265   35.239938
    4.285714    8.163265   36.612925
    4.489796    8.163265   38.002887
    4.693878    8.163265   39.408130
    4.897959    8.163265   40.829509
    5.102041    8.163265   42.270931
    5.306122    8.163265   43.738237
    5.510204    8.163265   45.235736
    5.714286    8.163265   46.760459
    5.918367    8.163265    0.000000
    6.122449    8.163265    0.000000
    6.326531    8.163265    0.000000
    6.530612    8.163265    0.000000
    6.734694    8.163265    0.000000
    6.938776    8.163265    0.000000
    7.142857    8.163265    0.000000
    7.346939    8.163265    0.000000
    7.551020    8.163265    0.000000
    7.755102    8.163265    0.000000
    7.959184    8.163265    0.000000
    8.163265    8.163265    0.000000
    8.367347    8.163265    0.000000
    8.571429    8.163265    0.000000
    8.775510    8.163265    0.000000
    8.979592    8.163265    0.000000
    9.183673    8.163265    0.000000
    9.387755    8.163265    0.000000
    9.591837    8.163265    0.000000
    9.795918    8.163265    0.000000
   10.000000    8.163265    0.000000

    0.000000    8.367347   16.643327
    0.204082    8.367347   16.718588
    0.408163    8.367347   16.942126
    0.612245    8.367347   17.307521
    0.816327    8.367347   17.805050
    1.020408    8.367347   18.422918
    1.224490    8.367347   19.148551
    1.428571    8.367347   19.969711
    1.632653    8.367347   20.875210
    1.836735    8.367347   21.855198
    2.040816    8.367347   22.901087
    2.244898    8.367347   24.005282
    2.448980    8.367347   25.160941
    2.653061    8.367347   26.361903
    2.857143    8.367347   27.602812
    3.061224    8.367347   28.879345
    3.265306    8.367347   30.188329
    3.469388    8.367347   31.527569
    3.673469    8.367347   32.895275
    3.877551    8.367347   34.289226
    4.081633    8.367347   35.706026
    4.285714    8.367347   37.140964
    4.489796    8.367347   38.588920
    4.693878    8.367347   40.046437
    4.897959    8.367347   41.514442
    5.102041    8.367347   43.000352
    5.306122    8.367347   44.517714
    5.510204    8.367347    0.000000
    5.714286    8.367347    0.000000
    5.918367    8.367347    0.000000
    6.122449    8.367347    0.000000
    6.326531    8.367347    0.000000
    6.530612    8.367347    0.000000
    6.734694    8.367347    0.000000
    6.938776    8.367347    0.000000
    7.142857    8.367347    0.000000
    7.346939    8.367347    0.000000
    7.551020    8.367347    0.000000
    7.755102    8.367347    0.000000
    7.959184    8.367347    0.000000
    8.163265    8.367347    0.000000
    8.367347    8.367347    0.000000
    8.571429    8.367347    0.000000
    8.775510    8.367347    0.000000
    8.979592    8.367347    0.000000
    9.183673    8.367347    0.000000
    9.387755    8.367347    0.000000
    9.591837    8.367347    0.000000
    9.795918    8.367347    0.000000
   10.000000    8.367347    0.000000

    0.000000    8.571429   15.720055
    0.204082    8.571429   15.806248
    0.408163    8.571429   16.061624
    0.612245    8.571429   16.477084
    0.816327    8.571429   17.039051
    1.020408    8.571429   17.731425
    1.224490    8.571429   18.537619
    1.428571    8.571429   19.442211
    1.632653    8.571429   20.431903
    1.836735    8.571429   21.495706
    2.040816    8.571429   22.624514
    2.244898    8.571429   23.810421
    2.448980    8.571429   25.046141
    2.653061    8.571429   26.324863
    2.857143    8.571429   27.640556
    3.061224    8.571429   28.988579
    3.265306    8.571429   30.366142
    3.469388    8.571429   31.772220
    3.673469    8.571429   33.206621
    3.877551    8.571429   34.668351
    4.081633    8.571429   36.153873
    4.285714    8.571429   37.656239
    4.489796    8.571429   39.166135
    4.693878    8.571429   40.675406
    4.897959    8.571429   42.182617
    5.102041    8.571429   43.698714
    5.306122    8.571429    0.000000
    5.510204    8.571429    0.000000
    5.714286    8.571429    0.000000
    5.918367    8.571429    0.000000
    6.122449    8.571429    0.000000
    6.326531    8.571429    0.000000
    6.530612    8.571429    0.000000
    6.734694    8.571429    0.000000
    6.938776    8.571429    0.000000
    7.142857    8.571429    0.000000
    7.346939    8.571429    0.000000
    7.551020    8.571429    0.000000
    7.755102    8.571429    0.000000
    7.959184    8.571429    0.000000
    8.163265    8.571429    0.000000
    8.367347    8.571429    0.000000
    8.571429    8.571429    0.000000
    8.775510    8.571429    0.000000
    8.979592    8.571429    0.000000
    9.183673    8.571429    0.000000
    9.387755    8.571429    0.000000
    9.591837    8.571429    0.000000
    9.795918    8.571429    0.000000
   10.000000    8.571429    0.000000

    0.000000    8.775510   14.623298
    0.204082    8.775510   14.723717
    0.408163    8.775510   15.020273
    0.612245    8.775510   15.499719
    0.816327    8.775510   16.142576
    1.020408    8.775510   16.926326
    1.224490    8.775510   17.828664
    1.428571    8.775510   18.830014
    1.632653    8.775510   19.914809
    1.836735    8.775510   21.071402
    2.040816    8.775510   22.290936
    2.244898    8.775510   23.565808
    2.448980    8.775510   24.888464
    2.653061    8.775510   26.251084
    2.857143    8.775510   27.646298
    3.061224    8.775510   29.068590
    3.265306    8.775510   30.515602
    3.469388    8.775510   31.988421
    3.673469    8.775510   33.490190
    3.877551    8.775510   35.023059
    4.081633    8.775510   36.584406
    4.285714    8.775510   38.164116
    4.489796    8.775510   39.745082
    4.693878    8.775510   41.308585
    4.897959    8.775510    0.000000
    5.102041    8.775510    0.000000
    5.306122    8.775510    0.000000
    5.510204    8.775510    0.000000
    5.714286    8.775510    0.000000
    5.918367    8.775510    0.000000
    6.122449    8.775510    0.000000
    6.326531    8.775510    0.000000
    6.530612    8.775510    0.000000
    6.734694    8.775510    0.000000
    6.938776    8.775510    0.000000
    7.142857    8.775510    0.000000
    7.346939    8.775510    0.000000
    7.551020    8.775510    0.000000
    7.755102    8.775510    0.000000
    7.959184    8.775510    0.000000
    8.163265    8.775510    0.000000
    8.367347    8.775510    0.000000
    8.571429    8.775510    0.000000
    8.775510    8.775510    0.000000
    8.979592    8.775510    0.000000
    9.183673    8.775510    0.000000
    9.387755    8.775510    0.000000
    9.591837    8.775510    0.000000
    9.795918    8.775510    0.000000
   10.000000    8.775510    0.000000

    0.000000    8.979592   13.324088
    0.204082    8.979592   13.443579
    0.408163    8.979592   13.794971
    0.612245    8.979592   14.358435
    0.816327    8.979592   15.105262
    1.020408    8.979592   16.003133
    1.224490    8.979592   17.021406
    1.428571    8.979592   18.135056
    1.632653    8.979592   19.326393
    1.836735    8.979592   20.584357
    2.040816    8.979592   21.902001
    2.244898    8.979592   23.273334
    2.448980    8.979592   24.690877
    2.653061    8.979592   26.145021
    2.857143    8.979592   27.625516
    3.061224    8.979592   29.124506
    3.265306    8.979592   30.639650
    3.469388    8.979592   32.175530
    3.673469    8.979592   33.741835
    3.877551    8.979592   35.347950
    4.081633    8.979592   36.995270
    4.285714    8.979592   38.670316
    4.489796    8.979592    0.000000
    4.693878    8.979592    0.000000
    4.897959    8.979592    0.000000
    5.102041    8.979592    0.000000
    5.306122    8.979592    0.000000
    5.510204    8.979592    0.000000
    5.714286    8.979592    0.000000
    5.918367    8.979592    0.000000
    6.122449    8.979592    0.000000
    6.326531    8.979592    0.000000
    6.530612    8.979592    0.000000
    6.734694    8.979592    0.000000
    6.938776    8.979592    0.000000
    7.142857    8.979592    0.000000
    7.346939    8.979592    0.000000
    7.551020    8.979592    0.000000
    7.755102    8.979592    0.000000
    7.959184    8.979592    0.000000
    8.163265    8.979592    0.000000
    8.367347    8.979592    0.000000
    8.571429    8.979592    0.000000
    8.775510    8.979592    0.000000
    8.979592    8.979592    0.000000
    9.183673    8.979592    0.000000
    9.387755    8.979592    0.000000
    9.591837    8.979592    0.000000
    9.795918    8.979592    0.000000
   10.000000    8.979592    0.000000

    0.000000    9.183673   11.783452
    0.204082    9.183673   11.929345
    0.408163    9.183673   12.356076
    0.612245    9.183673   13.033188
    0.816327    9.183673   13.917222
    1.020408    9.183673   14.960541
    1.224490    9.183673   16.120063
    1.428571    9.183673   17.363571
    1.632653    9.183673   18.672055
    1.836735    9.183673   20.037768
    2.040816    9.183673   21.459078
    2.244898    9.183673   22.934231
    2.448980    9.183673   24.456535
    2.653061    9.183673   26.012999
    2.857143    9.183673   27.587211
    3.061224    9.183673   29.165517
    3.265306    9.183673   30.743920
    3.469388    9.183673   32.332236
    3.673469    9.183673   33.952323
    3.877551    9.183673   35.629018
    4.081633    9.183673    0.000000
    4.285714    9.183673    0.000000
    4.489796    9.183673    0.000000
    4.693878    9.183673    0.000000
    4.897959    9.183673    0.000000
    5.102041    9.183673    0.000000
    5.306122    9.183673    0.000000
    5.510204    9.183673    0.000000
    5.714286    9.183673    0.000000
    5.918367    9.183673    0.000000
    6.122449    9.183673    0.000000
    6.326531    9.183673    0.000000
    6.530612    9.183673    0.000000
    6.734694    9.183673    0.000000
    6.938776    9.183673    0.000000
    7.142857    9.183673    0.000000
    7.346939    9.183673    0.000000
    7.551020    9.183673    0.000000
    7.755102    9.183673    0.000000
    7.959184    9.183673    0.000000
    8.163265    9.183673    0.000000
    8.367347    9.183673    0.000000
    8.571429    9.183673    0.000000
    8.775510    9.183673    0.000000
    8.979592    9.183673    0.000000
    9.183673    9.183673    0.000000
    9.387755    9.183673    0.000000
    9.591837    9.183673    0.000000
    9.795918    9.183673    0.000000
   10.000000    9.183673    0.000000

    0.000000    9.387755    9.947240
    0.204082    9.387755   10.130901
    0.408163    9.387755   10.664564
    0.612245    9.387755   11.500325
    0.816327    9.387755   12.570728
    1.020408    9.387755   13.803674
    1.224490    9.387755   15.137059
    1.428571    9.387755   16.529083
    1.632653    9.387755   17.961540
    1.836735    9.387755   19.435519
    2.040816    9.387755   20.961384
    2.244898    9.387755   22.546801
    2.448980    9.387755   24.187364
    2.653061    9.387755   25.863663
    2.857143    9.387755   27.546499
    3.061224    9.387755   29.208904
    3.265306    9.387755   30.840505
    3.469388    9.387755    0.000000
    3.673469    9.387755    0.000000
    3.877551    9.387755    0.000000
    4.081633    9.387755    0.000000
    4.285714    9.387755    0.000000
    4.489796    9.387755    0.000000
    4.693878    9.387755    0.000000
    4.897959    9.387755    0.000000
    5.102041    9.387755    0.000000
    5.306122    9.387755    0.000000
    5.510204    9.387755    0.000000
    5.714286    9.387755    0.000000
    5.918367    9.387755    0.000000
    6.122449    9.387755    0.000000
    6.326531    9.387755    0.000000
    6.530612    9.387755    0.000000
    6.734694    9.387755    0.000000
    6.938776    9.387755    0.000000
    7.142857    9.387755    0.000000
    7.346939    9.387755    0.000000
    7.551020    9.387755    0.000000
    7.755102    9.387755    0.000000
    7.959184    9.387755    0.000000
    8.163265    9.387755    0.000000
    8.367347    9.387755    0.000000
    8.571429    9.387755    0.000000
    8.775510    9.387755    0.000000
    8.979592    9.387755    0.000000
    9.183673    9.387755    0.000000
    9.387755    9.387755    0.000000
    9.591837    9.387755    0.000000
    9.795918    9.387755    0.000000
   10.000000    9.387755    0.000000

    0.000000    9.591837    7.737696
    0.204082    9.591837    7.977154
    0.408163    9.591837    8.667581
    0.612245    9.591837    9.732056
    0.816327    9.591837   11.063482
    1.020408    9.591837   12.549961
    1.224490    9.591837   14.099570
    1.428571    9.591837   15.657547
    1.632653    9.591837   17.211109
    1.836735    9.591837   18.780859
    2.040816    9.591837   20.401935
    2.244898    9.591837   22.101482
    2.448980    9.591837   23.880622
    2.653061    9.591837   25.708082
    2.857143    9.591837    0.000000
    3.061224    9.591837    0.000000
    3.265306    9.591837    0.000000
    3.469388    9.591837    0.000000
    3.673469    9.591837    0.000000
    3.877551    9.591837    0.000000
    4.081633    9.591837    0.000000
    4.285714    9.591837    0.000000
    4.489796    9.591837    0.000000
    4.693878    9.591837    0.000000
    4.897959    9.591837    0.000000
    5.102041    9.591837    0.000000
    5.306122    9.591837    0.000000
    5.510204    9.591837    0.000000
    5.714286    9.591837    0.000000
    5.918367    9.591837    0.000000
    6.122449    9.591837    0.000000
    6.326531    9.591837    0.000000
    6.530612    9.591837    0.000000
    6.734694    9.591837    0.000000
    6.938776    9.591837    0.000000
    7.142857    9.591837    0.000000
    7.346939    9.591837    0.000000
    7.551020    9.591837    0.000000
    7.755102    9.591837    0.000000
    7.959184    9.591837    0.000000
    8.163265    9.591837    0.000000
    8.367347    9.591837    0.000000
    8.571429    9.591837    0.000000
    8.775510    9.591837    0.000000
    8.979592    9.591837    0.000000
    9.183673    9.591837    0.000000
    9.387755    9.591837    0.000000
    9.591837    9.591837    0.000000
    9.795918    9.591837    0.000000
   10.000000    9.591837    0.000000

    0.000000    9.795918    5.039517
    0.204082    9.795918    5.363927
    0.408163    9.795918    6.291328
    0.612245    9.795918    7.696054
    0.816327    9.795918    9.404737
    1.020408    9.795918   11.239673
    1.224490    9.795918   13.061103
    1.428571    9.795918   14.796294
    1.632653    9.795918   16.447022
    1.836735    9.795918   18.073413
    2.040816    9.795918    0.000000
    2.244898    9.795918    0.000000
    2.448980    9.795918    0.000000
    2.653061    9.795918    0.000000
    2.857143    9.795918    0.000000
    3.061224    9.795918    0.000000
    3.265306    9.795918    0.000000
    3.469388    9.795918    0.000000
    3.673469    9.795918    0.000000
    3.877551    9.795918    0.000000
    4.081633    9.795918    0.000000
    4.285714    9.795918    0.000000
    4.489796    9.795918    0.000000
    4.693878    9.795918    0.000000
    4.897959    9.795918    0.000000
    5.102041    9.795918    0.000000
    5.306122    9.795918    0.000000
    5.510204    9.795918    0.000000
    5.714286    9.795918    0.000000
    5.918367    9.795918    0.000000
    6.122449    9.795918    0.000000
    6.326531    9.795918    0.000000
    6.530612    9.795918    0.000000
    6.734694    9.795918    0.000000
    6.938776    9.795918    0.000000
    7.142857    9.795918    0.000000
    7.346939    9.795918    0.000000
    7.551020    9.795918    0.000000
    7.755102    9.795918    0.000000
    7.959184    9.795918    0.000000
    8.163265    9.795918    0.000000
    8.367347    9.795918    0.000000
    8.571429    9.795918    0.000000
    8.775510    9.795918    0.000000
    8.979592    9.795918    0.000000
    9.183673    9.795918    0.000000
    9.387755    9.795918    0.000000
    9.591837    9.795918    0.000000
    9.795918    9.795918    0.000000
   10.000000    9.795918    0.000000

    0.000000   10.000000    0.000000
    0.204082   10.000000    0.000000
    0.408163   10.000000    0.000000
    0.612245   10.000000    0.000000
    0.816327   10.000000    0.000000
    1.020408   10.000000    0.000000
    1.224490   10.000000    0.000000
    1.428571   10.000000    0.000000
    1.632653   10.000000    0.000000
    1.836735   10.000000    0.000000
    2.040816   10.000000    0.000000
    2.244898   10.000000    0.000000
    2.448980   10.000000    0.000000
    2.653061   10.000000    0.000000
    2.857143   10.000000    0.000000
    3.061224   10.000000    0.000000
    3.265306   10.000000    0.000000
    3.469388   10.000000    0.000000
    3.673469   10.000000    0.000000
    3.877551   10.000000    0.000000
    4.081633   10.000000    0.000000
    4.285714   10.000000    0.000000
    4.489796   10.000000    0.000000
    4.693878   10.000000    0.000000
    4.897959   10.000000    0.000000
    5.102041   10.000000    0.000000
    5.306122   10.000000    0.000000
    5.510204   10.000000    0.000000
    5.714286   10.000000    0.000000
    5.918367   10.000000    0.000000
    6.122449   10.000000    0.000000
    6.326531   10.000000    0.000000
    6.530612   10.000000    0.000000
    6.734694   10.000000    0.000000
    6.938776   10.000000    0.000000
    7.142857   10.000000    0.000000
    7.346939   10.000000    0.000000
    7.551020   10.000000    0.000000
    7.755102   10.000000    0.000000
    7.959184   10.000000    0.000000
    8.163265   10.000000    0.000000
    8.367347   10.000000    0.000000
    8.571429   10.000000    0.000000
    8.775510   10.000000    0.000000
    8.979592   10.000000    0.000000
    9.183673   10.000000    0.000000
    9.387755   10.000000    0.000000
    9.591837   10.000000    0.000000
    9.795918   10.000000    0.000000
   10.000000   10.000000    0.000000

